[gd_scene load_steps=7 format=2]

[ext_resource path="res://game_scenes/props/control_panel/switch/pin_switch.tscn" type="PackedScene" id=1]
[ext_resource path="res://game_scenes/props/control_panel/control_panel.gd" type="Script" id=3]
[ext_resource path="res://assets/cockpit/mount_arm.obj" type="ArrayMesh" id=4]
[ext_resource path="res://assets/cockpit/mount_base.obj" type="ArrayMesh" id=5]
[ext_resource path="res://assets/cockpit/console_start.obj" type="ArrayMesh" id=6]
[ext_resource path="res://assets/cockpit/console_end.obj" type="ArrayMesh" id=7]

[node name="ControlPanel" type="Spatial"]
script = ExtResource( 3 )

[node name="LeftPanel" type="MeshInstance" parent="."]
transform = Transform( 1, 0, 0, 0, 1, 0, 0, 0, 1, -3.5, 0, 0 )
mesh = ExtResource( 5 )
material/0 = null
material/1 = null

[node name="Arm" type="MeshInstance" parent="LeftPanel"]
transform = Transform( 0.189336, -0.00507037, 0.981899, 0.0267702, 0.999642, 0, -0.981547, 0.0262856, 0.189404, 0.262443, 0.0487106, 0.35943 )
mesh = ExtResource( 4 )
material/0 = null
material/1 = null

[node name="Arm2" type="MeshInstance" parent="LeftPanel/Arm"]
transform = Transform( -0.480223, -0.0948934, -0.871998, -0.125521, 0.991334, -0.0387535, 0.868118, 0.0908437, -0.487973, 1.36322, 0.454262, 0.0862069 )
mesh = ExtResource( 4 )
material/0 = null
material/1 = null

[node name="Start" type="MeshInstance" parent="LeftPanel/Arm/Arm2"]
transform = Transform( 0.688508, -0.0146483, 0.72508, 0.110928, 0.990157, -0.0853289, -0.716695, 0.139181, 0.683356, 1.45407, 0.349175, -0.0116484 )
mesh = ExtResource( 6 )
material/0 = null

[node name="Body" parent="LeftPanel/Arm/Arm2/Start" instance=ExtResource( 1 )]
transform = Transform( 1, 1.67638e-08, 7.45058e-09, -1.86265e-09, 1, 0, 3.72529e-08, 0, 1, 0.502884, -5.96046e-08, 0 )
button_id = 0

[node name="Body2" parent="LeftPanel/Arm/Arm2/Start" instance=ExtResource( 1 )]
transform = Transform( 1, 2.468e-08, 0, 0, 1, -1.11759e-08, 2.98023e-08, 1.86265e-09, 1, 0.750477, -1.78814e-07, 1.49012e-08 )
button_id = 1

[node name="Body3" parent="LeftPanel/Arm/Arm2/Start" instance=ExtResource( 1 )]
transform = Transform( 1, 2.51457e-08, 0, 0, 1, -1.49012e-08, 2.98023e-08, 2.79397e-09, 1, 0.996586, -2.98023e-07, 0 )
button_id = 2

[node name="End" type="MeshInstance" parent="LeftPanel/Arm/Arm2/Start"]
transform = Transform( 1, 6.33299e-08, 6.25849e-07, -4.65661e-10, 1, -4.09782e-08, 0, -7.45058e-09, 1, 1.2472, -0.293371, -0.183619 )
mesh = ExtResource( 7 )
material/0 = null

[node name="ExecuteButton" parent="." instance=ExtResource( 1 )]
transform = Transform( 2.04555, 0, 0, 0, 1, 0, 0, 0, 1, -0.138495, 0.668875, -0.206664 )
[connection signal="on_toggled" from="ExecuteButton" to="." method="reset_button_w_bool"]
[connection signal="on_toggled" from="ExecuteButton" to="." method="_on_ExecuteButton_on_toggled"]
