[gd_scene load_steps=9 format=2]

[ext_resource path="res://game_scenes/props/control_panel/switch/pin_switch.tscn" type="PackedScene" id=1]
[ext_resource path="res://game_scenes/props/control_panel/execute_btn/execute_btn.tscn" type="PackedScene" id=2]
[ext_resource path="res://game_scenes/props/control_panel/control_panel.gd" type="Script" id=3]
[ext_resource path="res://assets/cockpit/mount_arm.obj" type="ArrayMesh" id=4]
[ext_resource path="res://assets/cockpit/mount_base.obj" type="ArrayMesh" id=5]
[ext_resource path="res://assets/cockpit/console_start.obj" type="ArrayMesh" id=6]
[ext_resource path="res://assets/cockpit/console_end.obj" type="ArrayMesh" id=7]

[sub_resource type="Animation" id=1]
resource_name = "Arm shake"
loop = true
tracks/0/type = "value"
tracks/0/path = NodePath("LeftPanel/Arm/Arm2:rotation_degrees")
tracks/0/interp = 1
tracks/0/loop_wrap = true
tracks/0/imported = false
tracks/0/enabled = true
tracks/0/keys = {
"times": PoolRealArray( 0, 0.2, 0.7 ),
"transitions": PoolRealArray( 1, 1, 1 ),
"update": 0,
"values": [ Vector3( 2.17835, -119.568, -7.22921 ), Vector3( 2.178, -118.589, -7.229 ), Vector3( 2.178, -118.599, -7.229 ) ]
}
tracks/1/type = "value"
tracks/1/path = NodePath("LeftPanel/Arm/Arm2/Start:rotation_degrees")
tracks/1/interp = 1
tracks/1/loop_wrap = true
tracks/1/imported = false
tracks/1/enabled = true
tracks/1/keys = {
"times": PoolRealArray( 0, 0.3, 0.7 ),
"transitions": PoolRealArray( 1, 1, 1 ),
"update": 0,
"values": [ Vector3( 0.273861, 63.3165, -3.28799 ), Vector3( 0.274, 63.771, -3.288 ), Vector3( 0.274, 61.275, -3.288 ) ]
}
tracks/2/type = "value"
tracks/2/path = NodePath("LeftPanel/Arm:rotation_degrees")
tracks/2/interp = 1
tracks/2/loop_wrap = true
tracks/2/imported = false
tracks/2/enabled = true
tracks/2/keys = {
"times": PoolRealArray( 0, 0.4, 0.7 ),
"transitions": PoolRealArray( 1, 1, 1 ),
"update": 0,
"values": [ Vector3( 0.46667, 61.3749, 1.46131 ), Vector3( 0.467, 63.346, 1.461 ), Vector3( 0.467, 63.207, 1.461 ) ]
}
tracks/3/type = "value"
tracks/3/path = NodePath("LeftPanel3/Arm:rotation_degrees")
tracks/3/interp = 1
tracks/3/loop_wrap = true
tracks/3/imported = false
tracks/3/enabled = true
tracks/3/keys = {
"times": PoolRealArray( 0, 0.3, 0.7 ),
"transitions": PoolRealArray( 1, 1, 1 ),
"update": 0,
"values": [ Vector3( 0.46667, 61.3749, 1.46131 ), Vector3( 0.467, 62.139, 1.461 ), Vector3( 0.467, 60.739, 1.461 ) ]
}
tracks/4/type = "value"
tracks/4/path = NodePath("LeftPanel3/Arm/Arm2:rotation_degrees")
tracks/4/interp = 1
tracks/4/loop_wrap = true
tracks/4/imported = false
tracks/4/enabled = true
tracks/4/keys = {
"times": PoolRealArray( 0, 0.4, 0.7 ),
"transitions": PoolRealArray( 1, 1, 1 ),
"update": 0,
"values": [ Vector3( 0.612, -128.42, -7.524 ), Vector3( 0.612, -130.306, -7.524 ), Vector3( 0.612, -126.359, -7.524 ) ]
}
tracks/5/type = "value"
tracks/5/path = NodePath("LeftPanel3/Arm/Arm2/Start:rotation_degrees")
tracks/5/interp = 1
tracks/5/loop_wrap = true
tracks/5/imported = false
tracks/5/enabled = true
tracks/5/keys = {
"times": PoolRealArray( 0, 0.5, 0.7 ),
"transitions": PoolRealArray( 1, 1, 1 ),
"update": 0,
"values": [ Vector3( 1.02774, 76.6912, 7.98462 ), Vector3( 1.028, 78.547, 7.985 ), Vector3( 1.028, 73.053, 7.985 ) ]
}
tracks/6/type = "value"
tracks/6/path = NodePath("LeftPanel2/Arm:rotation_degrees")
tracks/6/interp = 1
tracks/6/loop_wrap = true
tracks/6/imported = false
tracks/6/enabled = true
tracks/6/keys = {
"times": PoolRealArray( 0, 0.4, 0.7 ),
"transitions": PoolRealArray( 1, 1, 1 ),
"update": 0,
"values": [ Vector3( 0.466998, 61.375, 1.461 ), Vector3( 0.467, 58, 1.461 ), Vector3( 0.467, 62.5, 1.461 ) ]
}
tracks/7/type = "value"
tracks/7/path = NodePath("LeftPanel2/Arm/Arm2:rotation_degrees")
tracks/7/interp = 1
tracks/7/loop_wrap = true
tracks/7/imported = false
tracks/7/enabled = true
tracks/7/keys = {
"times": PoolRealArray( 0, 0.4, 0.7 ),
"transitions": PoolRealArray( 1, 1, 1 ),
"update": 0,
"values": [ Vector3( 2.449, -117.422, -7.14297 ), Vector3( 2.449, -114, -7.143 ), Vector3( 2.449, -119, -7.143 ) ]
}
tracks/8/type = "value"
tracks/8/path = NodePath("LeftPanel2/Arm/Arm2/Start:rotation_degrees")
tracks/8/interp = 1
tracks/8/loop_wrap = true
tracks/8/imported = false
tracks/8/enabled = true
tracks/8/keys = {
"times": PoolRealArray( 0, 0.3, 0.5, 0.7 ),
"transitions": PoolRealArray( 1, 1, 1, 1 ),
"update": 0,
"values": [ Vector3( 1.02774, 76.6912, 7.98462 ), Vector3( 1.028, 71.533, 7.985 ), Vector3( 1.028, 79, 7.985 ), Vector3( 1.028, 77, 7.985 ) ]
}

[node name="ControlPanel" type="Spatial"]
script = ExtResource( 3 )

[node name="LeftPanel" type="MeshInstance" parent="."]
transform = Transform( 1, 0, 0, 0, 1, 0, 0, 0, 1, -4, 0.607, -1.3 )
mesh = ExtResource( 5 )
material/0 = null
material/1 = null

[node name="Arm" type="MeshInstance" parent="LeftPanel"]
transform = Transform( 0.463828, -0.00461032, 0.885913, 0.0254983, 0.999642, -0.00814774, -0.885558, 0.0263685, 0.463779, 0.238432, 0.0487106, 0.257672 )
mesh = ExtResource( 4 )
material/0 = null
material/1 = null

[node name="Arm2" type="MeshInstance" parent="LeftPanel/Arm"]
transform = Transform( -0.470521, -0.0933204, -0.87744, -0.125744, 0.991335, -0.0380041, 0.873382, 0.0924515, -0.478178, 1.36322, 0.454262, 0.0862064 )
mesh = ExtResource( 4 )
material/0 = null
material/1 = null

[node name="Start" type="MeshInstance" parent="LeftPanel/Arm/Arm2"]
transform = Transform( 0.443319, 0.029759, 0.895869, -0.0573542, 0.998341, -0.00478138, -0.894528, -0.0492622, 0.44429, 1.45407, 0.349175, -0.0116489 )
mesh = ExtResource( 6 )
material/0 = null

[node name="Body" parent="LeftPanel/Arm/Arm2/Start" instance=ExtResource( 1 )]
transform = Transform( 1, 1.67638e-08, 7.45058e-09, -1.86265e-09, 1, 0, 3.72529e-08, 0, 1, 0.502884, -5.96046e-08, 0 )
button_id = 0

[node name="Body2" parent="LeftPanel/Arm/Arm2/Start" instance=ExtResource( 1 )]
transform = Transform( 1, 2.468e-08, 0, 0, 1, -1.11759e-08, 2.98023e-08, 1.86265e-09, 1, 0.750477, -1.78814e-07, 1.49012e-08 )
button_id = 1

[node name="Body3" parent="LeftPanel/Arm/Arm2/Start" instance=ExtResource( 1 )]
transform = Transform( 1, 2.51457e-08, 0, 0, 1, -1.49012e-08, 2.98023e-08, 2.79397e-09, 1, 0.996586, -2.98023e-07, 0 )
button_id = 2

[node name="End" type="MeshInstance" parent="LeftPanel/Arm/Arm2/Start"]
transform = Transform( 1, 6.33299e-08, 6.25849e-07, -4.65661e-10, 1, -4.09782e-08, 0, -7.45058e-09, 1, 1.2472, -0.293371, -0.183619 )
mesh = ExtResource( 7 )
material/0 = null

[node name="LeftPanel3" type="MeshInstance" parent="."]
transform = Transform( 1, 0, 0, 0, 1, 0, 0, 0, 1, -3.99, -0.115, 0.5 )
mesh = ExtResource( 5 )
material/0 = null
material/1 = null

[node name="Arm" type="MeshInstance" parent="LeftPanel3"]
transform = Transform( 0.471225, -0.00482962, 0.881999, 0.0254974, 0.999642, -0.00814871, -0.881643, 0.0263286, 0.47118, 0.238432, 0.0487106, 0.257672 )
mesh = ExtResource( 4 )
material/0 = null
material/1 = null

[node name="Arm2" type="MeshInstance" parent="LeftPanel3/Arm"]
transform = Transform( -0.62778, -0.0912454, -0.773024, -0.130934, 0.991334, -0.0106812, 0.767299, 0.0945097, -0.634287, 1.36322, 0.454262, 0.0862064 )
mesh = ExtResource( 4 )
material/0 = null
material/1 = null

[node name="Start" type="MeshInstance" parent="LeftPanel3/Arm/Arm2"]
transform = Transform( 0.217803, -0.0128707, 0.975907, 0.138888, 0.990144, -0.0179383, -0.96606, 0.139448, 0.217444, 1.45407, 0.349175, -0.0116484 )
mesh = ExtResource( 6 )
material/0 = null

[node name="Body" parent="LeftPanel3/Arm/Arm2/Start" instance=ExtResource( 1 )]
transform = Transform( 1, 1.67638e-08, 7.45058e-09, -1.86265e-09, 1, 0, 3.72529e-08, 0, 1, 0.502884, -5.96046e-08, 0 )
button_id = 6

[node name="Body2" parent="LeftPanel3/Arm/Arm2/Start" instance=ExtResource( 1 )]
transform = Transform( 1, 2.468e-08, 0, 0, 1, -1.11759e-08, 2.98023e-08, 1.86265e-09, 1, 0.750477, -1.78814e-07, 1.49012e-08 )
button_id = 7

[node name="Body3" parent="LeftPanel3/Arm/Arm2/Start" instance=ExtResource( 1 )]
transform = Transform( 1, 2.51457e-08, 0, 0, 1, -1.49012e-08, 2.98023e-08, 2.79397e-09, 1, 0.996586, -2.98023e-07, 0 )
button_id = 8

[node name="Body4" parent="LeftPanel3/Arm/Arm2/Start" instance=ExtResource( 1 )]
transform = Transform( 1, 3.72529e-08, -2.98023e-08, 7.45058e-09, 1, 1.49012e-08, 5.96046e-08, 0, 1, 1.23935, -1.19209e-07, 5.96046e-08 )
button_id = 9

[node name="Body5" parent="LeftPanel3/Arm/Arm2/Start" instance=ExtResource( 1 )]
transform = Transform( 1, 5.21541e-08, -2.98023e-08, 7.45058e-09, 1, 5.96046e-08, 5.96046e-08, 0, 1, 1.48961, -1.19209e-07, 1.78814e-07 )
button_id = 10

[node name="End" type="MeshInstance" parent="LeftPanel3/Arm/Arm2/Start"]
transform = Transform( 1, 5.96046e-08, 6.25849e-07, 7.45058e-09, 1, -4.47035e-08, 5.96046e-08, 5.96046e-08, 1, 1.74957, -0.293371, -0.183619 )
mesh = ExtResource( 7 )
material/0 = null

[node name="LeftPanel2" type="MeshInstance" parent="."]
transform = Transform( -1, 0, 0, 0, 1, 0, 0, 0, 1, 4, 0.607, -1 )
mesh = ExtResource( 5 )
material/0 = null
material/1 = null

[node name="Arm" type="MeshInstance" parent="LeftPanel2"]
transform = Transform( 0.504918, -0.00584016, 0.863147, 0.0254956, 0.999642, -0.00815058, -0.86279, 0.0261219, 0.504886, 0.238, 0.049, 0.258 )
mesh = ExtResource( 4 )
material/0 = null
material/1 = null

[node name="Arm2" type="MeshInstance" parent="LeftPanel2/Arm"]
transform = Transform( -0.42548, -0.0921254, -0.900266, -0.124232, 0.991333, -0.0427301, 0.896399, 0.0936614, -0.433238, 1.36322, 0.454262, 0.0862064 )
mesh = ExtResource( 4 )
material/0 = null
material/1 = null

[node name="Start" type="MeshInstance" parent="LeftPanel2/Arm/Arm2"]
transform = Transform( 0.288168, -0.0230773, 0.957301, 0.138889, 0.990144, -0.0179395, -0.947454, 0.138128, 0.288533, 1.45407, 0.349175, -0.0116483 )
mesh = ExtResource( 6 )
material/0 = null

[node name="Body" parent="LeftPanel2/Arm/Arm2/Start" instance=ExtResource( 1 )]
transform = Transform( 1, 1.67638e-08, 7.45058e-09, -1.86265e-09, 1, 0, 3.72529e-08, 0, 1, 0.502884, -5.96046e-08, 0 )
button_id = 3

[node name="Body2" parent="LeftPanel2/Arm/Arm2/Start" instance=ExtResource( 1 )]
transform = Transform( 1, 2.468e-08, 0, 0, 1, -1.11759e-08, 2.98023e-08, 1.86265e-09, 1, 0.750477, -1.78814e-07, 1.49012e-08 )
button_id = 4

[node name="Body3" parent="LeftPanel2/Arm/Arm2/Start" instance=ExtResource( 1 )]
transform = Transform( 1, 2.51457e-08, 0, 0, 1, -1.49012e-08, 2.98023e-08, 2.79397e-09, 1, 0.996586, -2.98023e-07, 0 )
button_id = 5

[node name="End" type="MeshInstance" parent="LeftPanel2/Arm/Arm2/Start"]
transform = Transform( 1, 6.33299e-08, 6.25849e-07, -4.65661e-10, 1, -4.09782e-08, 0, -7.45058e-09, 1, 1.2472, -0.293371, -0.183619 )
mesh = ExtResource( 7 )
material/0 = null

[node name="DirectionalLight" type="DirectionalLight" parent="."]
transform = Transform( 0.996044, -7.43879e-08, -0.0888595, 0.0667017, 0.660709, 0.747673, 0.0587102, -0.750642, 0.658095, 0, 0.606981, 0 )

[node name="ExecuteBtn" parent="." instance=ExtResource( 2 )]
transform = Transform( 1, 0, 0, 0, 1, 0, 0, 0, 1, -0.251509, 0.83233, -0.733091 )

[node name="AnimationPlayer" type="AnimationPlayer" parent="."]
autoplay = "Arm shake"
playback_speed = 1.4
"anims/Arm shake" = SubResource( 1 )
[connection signal="on_toggled" from="ExecuteBtn" to="." method="_on_ExecuteButton_on_toggled"]
[connection signal="on_toggled" from="ExecuteBtn" to="ExecuteBtn" method="reset_button_w_bool"]
