[gd_scene load_steps=8 format=2]

[ext_resource path="res://game_scenes/props/control_panel/switch/pin_switch.tscn" type="PackedScene" id=1]
[ext_resource path="res://game_scenes/props/control_panel/execute_btn/execute_btn.tscn" type="PackedScene" id=2]
[ext_resource path="res://game_scenes/props/control_panel/control_panel.gd" type="Script" id=3]
[ext_resource path="res://assets/cockpit/mount_arm.obj" type="ArrayMesh" id=4]
[ext_resource path="res://assets/cockpit/mount_base.obj" type="ArrayMesh" id=5]
[ext_resource path="res://assets/cockpit/console_start.obj" type="ArrayMesh" id=6]
[ext_resource path="res://assets/cockpit/console_end.obj" type="ArrayMesh" id=7]

[node name="ControlPanel" type="Spatial"]
script = ExtResource( 3 )

[node name="LeftPanel" type="MeshInstance" parent="."]
transform = Transform( 1, 0, 0, 0, 1, 0, 0, 0, 1, -3.5, 0, 0 )
mesh = ExtResource( 5 )
material/0 = null
material/1 = null

[node name="Arm" type="MeshInstance" parent="LeftPanel"]
transform = Transform( 0.189336, -0.00507037, 0.981899, 0.0267702, 0.999642, 0, -0.981547, 0.0262856, 0.189404, 0.262443, 0.0487106, 0.35943 )
mesh = ExtResource( 4 )
material/0 = null
material/1 = null

[node name="Arm2" type="MeshInstance" parent="LeftPanel/Arm"]
transform = Transform( -0.717049, -0.0948935, -0.690532, -0.131367, 0.991334, 0.000182099, 0.68453, 0.0908439, -0.723302, 1.36322, 0.454262, 0.0862064 )
mesh = ExtResource( 4 )
material/0 = null
material/1 = null

[node name="Start" type="MeshInstance" parent="LeftPanel/Arm/Arm2"]
transform = Transform( 0.230392, -0.0146906, 0.972986, 0.138885, 0.990145, -0.0179367, -0.963136, 0.139265, 0.230162, 1.45407, 0.349175, -0.0116483 )
mesh = ExtResource( 6 )
material/0 = null

[node name="Body" parent="LeftPanel/Arm/Arm2/Start" instance=ExtResource( 1 )]
transform = Transform( 1, 1.67638e-08, 7.45058e-09, -1.86265e-09, 1, 0, 3.72529e-08, 0, 1, 0.502884, -5.96046e-08, 0 )
button_id = 0

[node name="Body2" parent="LeftPanel/Arm/Arm2/Start" instance=ExtResource( 1 )]
transform = Transform( 1, 2.468e-08, 0, 0, 1, -1.11759e-08, 2.98023e-08, 1.86265e-09, 1, 0.750477, -1.78814e-07, 1.49012e-08 )
button_id = 1

[node name="Body3" parent="LeftPanel/Arm/Arm2/Start" instance=ExtResource( 1 )]
transform = Transform( 1, 2.51457e-08, 0, 0, 1, -1.49012e-08, 2.98023e-08, 2.79397e-09, 1, 0.996586, -2.98023e-07, 0 )
button_id = 2

[node name="End" type="MeshInstance" parent="LeftPanel/Arm/Arm2/Start"]
transform = Transform( 1, 6.33299e-08, 6.25849e-07, -4.65661e-10, 1, -4.09782e-08, 0, -7.45058e-09, 1, 1.2472, -0.293371, -0.183619 )
mesh = ExtResource( 7 )
material/0 = null

[node name="LeftPanel2" type="MeshInstance" parent="."]
transform = Transform( -1, 0, 0, 0, 1, 0, 0, 0, 1, 3.5, 0, 0 )
mesh = ExtResource( 5 )
material/0 = null
material/1 = null

[node name="Arm" type="MeshInstance" parent="LeftPanel2"]
transform = Transform( 0.189336, -0.00507037, 0.981899, 0.0267702, 0.999642, 0, -0.981547, 0.0262856, 0.189404, 0.262443, 0.0487106, 0.35943 )
mesh = ExtResource( 4 )
material/0 = null
material/1 = null

[node name="Arm2" type="MeshInstance" parent="LeftPanel2/Arm"]
transform = Transform( -0.717049, -0.0948935, -0.690532, -0.131367, 0.991334, 0.000182099, 0.68453, 0.0908439, -0.723302, 1.36322, 0.454262, 0.0862064 )
mesh = ExtResource( 4 )
material/0 = null
material/1 = null

[node name="Start" type="MeshInstance" parent="LeftPanel2/Arm/Arm2"]
transform = Transform( 0.230392, -0.0146906, 0.972986, 0.138885, 0.990145, -0.0179367, -0.963136, 0.139265, 0.230162, 1.45407, 0.349175, -0.0116483 )
mesh = ExtResource( 6 )
material/0 = null

[node name="Body" parent="LeftPanel2/Arm/Arm2/Start" instance=ExtResource( 1 )]
transform = Transform( 1, 1.67638e-08, 7.45058e-09, -1.86265e-09, 1, 0, 3.72529e-08, 0, 1, 0.502884, -5.96046e-08, 0 )
button_id = 3

[node name="Body2" parent="LeftPanel2/Arm/Arm2/Start" instance=ExtResource( 1 )]
transform = Transform( 1, 2.468e-08, 0, 0, 1, -1.11759e-08, 2.98023e-08, 1.86265e-09, 1, 0.750477, -1.78814e-07, 1.49012e-08 )
button_id = 4

[node name="Body3" parent="LeftPanel2/Arm/Arm2/Start" instance=ExtResource( 1 )]
transform = Transform( 1, 2.51457e-08, 0, 0, 1, -1.49012e-08, 2.98023e-08, 2.79397e-09, 1, 0.996586, -2.98023e-07, 0 )
button_id = 5

[node name="End" type="MeshInstance" parent="LeftPanel2/Arm/Arm2/Start"]
transform = Transform( 1, 6.33299e-08, 6.25849e-07, -4.65661e-10, 1, -4.09782e-08, 0, -7.45058e-09, 1, 1.2472, -0.293371, -0.183619 )
mesh = ExtResource( 7 )
material/0 = null

[node name="DirectionalLight" type="DirectionalLight" parent="."]
transform = Transform( 0.996044, -4.47035e-08, -0.0888594, 0.0667017, 0.660709, 0.747672, 0.0587102, -0.750642, 0.658096, 0, 0, 0 )

[node name="ExecuteBtn" parent="." instance=ExtResource( 2 )]
transform = Transform( 1, 0, 0, 0, 1, 0, 0, 0, 1, -0.251509, 0.366776, -0.496147 )
[connection signal="on_toggled" from="ExecuteBtn" to="." method="_on_ExecuteButton_on_toggled"]
[connection signal="on_toggled" from="ExecuteBtn" to="ExecuteBtn" method="reset_button_w_bool"]
