[gd_scene load_steps=15 format=2]

[ext_resource path="res://game_scenes/props/white_generic.tres" type="Material" id=1]
[ext_resource path="res://assets/cockpit/detail_box.obj" type="ArrayMesh" id=2]
[ext_resource path="res://game_scenes/props/cockpit.tscn" type="PackedScene" id=3]
[ext_resource path="res://assets/textures/planet/03/nm_sand.jpg" type="Texture" id=4]
[ext_resource path="res://assets/cockpit/mount_arm.obj" type="ArrayMesh" id=5]
[ext_resource path="res://assets/cockpit/console_start.obj" type="ArrayMesh" id=6]
[ext_resource path="res://assets/cockpit/mount_base.obj" type="ArrayMesh" id=7]
[ext_resource path="res://assets/cockpit/module_switch_pin.obj" type="ArrayMesh" id=8]
[ext_resource path="res://assets/cockpit/switch_pin_lid.obj" type="ArrayMesh" id=9]
[ext_resource path="res://assets/cockpit/switch_pin.obj" type="ArrayMesh" id=10]
[ext_resource path="res://assets/cockpit/console_end.obj" type="ArrayMesh" id=11]
[ext_resource path="res://assets/materials/plastic_red.tres" type="Material" id=12]

[sub_resource type="SphereMesh" id=1]

[sub_resource type="SpatialMaterial" id=2]
albedo_color = Color( 0.988235, 0.784314, 0.305882, 1 )
normal_enabled = true
normal_scale = 1.0
normal_texture = ExtResource( 4 )
rim_enabled = true
rim = 0.01
rim_tint = 0.25
uv1_scale = Vector3( 5, 30, 5 )

[node name="Spatial" type="Spatial"]

[node name="MeshInstance" type="MeshInstance" parent="."]
transform = Transform( 1, 0, 0, 0, 1, 0, 0, 0, 1, -0.65944, 1.14047, -10.0166 )
mesh = ExtResource( 2 )
material/0 = ExtResource( 1 )

[node name="Planet" type="MeshInstance" parent="."]
transform = Transform( 133.505, 0, -139.568, 0, 193.139, 0, 139.568, 0, 133.505, 0, 0, -495.739 )
mesh = SubResource( 1 )
material/0 = SubResource( 2 )

[node name="SpotLight" type="SpotLight" parent="Planet"]
transform = Transform( 0.00517761, 0, 2.32831e-10, 0, 0.0047663, -0.00202239, 0, 0.00202239, 0.0047663, -0.55872, -0.765568, 1.50965 )
light_color = Color( 0.262745, 0.286275, 0.890196, 1 )
light_energy = 0.35
light_specular = 0.29
spot_range = 4096.0
spot_angle = 64.6

[node name="DirectionalLight" type="DirectionalLight" parent="."]
transform = Transform( 0.252921, -0.416945, 0.873034, -0.0271577, 0.898957, 0.437193, -0.967106, -0.134285, 0.216042, 20.8152, 0, 0 )
shadow_enabled = true

[node name="OmniLight" type="OmniLight" parent="."]
transform = Transform( -1, 0, 8.9407e-08, 0, 1, 0, -8.9407e-08, 0, -1, -0.0838747, 6.75235, -3.97653 )
light_energy = 0.05
light_specular = 0.0
omni_range = 14.4

[node name="SpotLight" type="SpotLight" parent="OmniLight"]
transform = Transform( 0.932267, -1.18733e-08, -0.361771, 0.244544, -0.736935, 0.630178, -0.266602, -0.675963, -0.687021, 1.6813, -0.614402, 0.153911 )
light_energy = 0.2
shadow_enabled = true
spot_range = 30.4
spot_angle = 60.0

[node name="SpotLight2" type="SpotLight" parent="OmniLight"]
transform = Transform( 0.653317, 0.605468, 0.454516, 0.244544, -0.736935, 0.630178, 0.716502, -0.300557, -0.629516, -0.987203, -0.10595, 0.153911 )
light_energy = 0.2
shadow_enabled = true
spot_range = 30.4
spot_angle = 60.0

[node name="Cockpit" parent="." instance=ExtResource( 3 )]
transform = Transform( 0.1, 0, 0, 0, 0.1, 0, 0, 0, 0.1, -1.10464, 0.2133, -0.20222 )

[node name="MeshInstance2" type="MeshInstance" parent="."]
transform = Transform( 1, 0, 0, 0, 1, 0, 0, 0, 1, -5.85041, 0, -0.661525 )
mesh = ExtResource( 7 )
material/0 = null
material/1 = null

[node name="MeshInstance3" type="MeshInstance" parent="MeshInstance2"]
transform = Transform( 0.245933, 0, 0.969287, 0, 1, 0, -0.969287, 0, 0.245933, 0.339206, 0, 0 )
mesh = ExtResource( 5 )
material/0 = null
material/1 = null

[node name="MeshInstance4" type="MeshInstance" parent="MeshInstance2/MeshInstance3"]
transform = Transform( -0.444599, -0.0116483, -0.895654, 0.0384491, -0.999242, -0.00609042, 0.894904, 0.0371449, -0.444709, 1.47648, 0.354798, 1.90735e-06 )
mesh = ExtResource( 5 )
material/0 = null
material/1 = null

[node name="MeshInstance5" type="MeshInstance" parent="MeshInstance2/MeshInstance3/MeshInstance4"]
transform = Transform( 0.291801, 0.0330765, 0.955907, -0.0214219, -0.998925, 0.0411043, -0.956239, 0.0324717, 0.290779, 1.51346, 0.434859, 1.19209e-07 )
mesh = ExtResource( 6 )
material/0 = null

[node name="MeshInstance6" type="MeshInstance" parent="MeshInstance2/MeshInstance3/MeshInstance4/MeshInstance5"]
transform = Transform( 1, -3.72529e-09, 0, 0, 1, -9.31323e-10, 0, 9.31323e-10, 1, 0.5, 0.08, 0 )
mesh = ExtResource( 8 )
material/0 = null

[node name="MeshInstance" type="MeshInstance" parent="MeshInstance2/MeshInstance3/MeshInstance4/MeshInstance5/MeshInstance6"]
transform = Transform( 0.999998, -0.000953078, -0.00165366, -0.00145216, 0.182346, -0.983233, 0.00123903, 0.983234, 0.182344, 0.122144, 0.150668, 0.266313 )
mesh = ExtResource( 9 )
material/0 = ExtResource( 12 )

[node name="MeshInstance2" type="MeshInstance" parent="MeshInstance2/MeshInstance3/MeshInstance4/MeshInstance5/MeshInstance6"]
transform = Transform( 0.999971, 0.00759545, 0.000291556, -0.00553844, 0.701812, 0.71234, 0.00520596, -0.712321, 0.701834, 0.124323, 0.150668, 0.448973 )
mesh = ExtResource( 10 )
material/0 = null

[node name="MeshInstance7" type="MeshInstance" parent="MeshInstance2/MeshInstance3/MeshInstance4/MeshInstance5"]
transform = Transform( 1, -8.3819e-09, 0, 9.31323e-10, 1, 0, 2.08616e-07, -9.31323e-09, 1, 0.75, 0.0799999, 2.38419e-07 )
mesh = ExtResource( 8 )
material/0 = null

[node name="MeshInstance4" type="MeshInstance" parent="MeshInstance2/MeshInstance3/MeshInstance4/MeshInstance5/MeshInstance7"]
transform = Transform( 1, -1.19209e-07, 7.45058e-09, 6.51926e-09, 0.181497, -0.983391, 1.78814e-07, 0.983391, 0.181497, 0.106696, 0.150668, 0.266313 )
mesh = ExtResource( 9 )
material/0 = ExtResource( 12 )

[node name="MeshInstance3" type="MeshInstance" parent="MeshInstance2/MeshInstance3/MeshInstance4/MeshInstance5/MeshInstance7"]
transform = Transform( 0.999971, 0.00759551, 0.000291467, -0.00553842, 0.701813, 0.71234, 0.0052065, -0.712321, 0.701834, 0.116982, 0.149324, 0.450236 )
mesh = ExtResource( 10 )
material/0 = null

[node name="MeshInstance8" type="MeshInstance" parent="MeshInstance2/MeshInstance3/MeshInstance4/MeshInstance5"]
transform = Transform( 1, -5.58794e-09, -2.98023e-08, 9.31323e-10, 1, 0, 8.9407e-08, -3.72529e-09, 1, 1.00379, -0.285286, -0.173636 )
mesh = ExtResource( 11 )
material/0 = null
